ID=15832 CPU=0.015625 START=2026-03-03 10:24:01
ID=23808 CPU=1.234375 START=2026-03-03 10:24:01
